76865780417355983203439015434050272
952378656492670265147408202862308280
1117948360838136074770369442115982994
1270295140263690224278508876349516511
1390581736167121519329240269013689130
1416014467983329216500676204842320330
1507036183843485294905551768627565904
1552687656007936591767395505280514202
1864577376777450733423040030556692584
2237369095186044366672700262138053216
2358937259243708963259222524601056513
3788168570151647285725288010021888288
3997711898424470037304300373124354394
4012664442987250713584284922778285725
4401110207468783262564564015256229970
4593117857100384466290577744571053200
4596374388210744201746266956823423258
4891104227162762363543334409868086512
5593650569874410438560688973477030334
5917186539803898574021437013583291773
6330154960803214704995056187055663332
6463419470309526780423066964710512246
7255600351897468848318603727077750930
7332345494146770424487770069202702181
7490282541334718199674493960359136210
7565507299468168030265069411860500048
7597596767878972649292335335354046241
8300049595727756216675648499882756275
8710718642262063543186524960416909009
8976360127693404631947384243314622420
9045923729793079681579909064951423745
9076476425427768150889232441885468389
9134986331424678013361883652808351324
9467668273179301744114387847051360882
9681640943119735728353574867799715739
9830355674854765522358588099258264646
9948775297040743102369268793358426328
9996144961234267530816336743665390080
10115406405927788394745996790435833303
10322713730289792124215013322099463162
10672158461083184569020490045673114770
10827493314362883363718035324174896211
10946346192256585761047277125372011356
11109261330936663309986166934049275247
11168331056565624742268615361165978437
11209132179854249761270670590511013073
11348912656866361157082254082894909533
11654095468036696716911142831859921993
11924346439537829714129747706859431183
12236767611961957713219628497515309620
12339225764204323176979165898767569985
12626570017700126822448019329501155969
13216511412850544465460361142247631739
13240453706063691211479657200090035520
13673583052618439362324451362592289746
13677255687249027083800034444724274792
14102144072562431426172257381882188934
14124751206982239083212996007972896153
14187447691668522469564047776735160665
14495979381218409187355940377638913725
14822213017750758424179119610533259406
14937939325594105509333257628716622447
16410701841491113209094018941762161362
17261585603828420708702967752813812726
17268932959344243825219315311999268841
17351003000897759997157552710723185141
17449466070081626383176393596186251992
17678208260904447209325240036964539453
17895601475807271801574694562902412339
18045342151520201987654431572553992540
18324439711130189941463459229106710892
18376213719610227136324465132869063994
19047613506925429728122436521539218511
19182066426632804082496257752026331427
19244589278582768886558486249947780774
19520478326897540058153868445910019099
20161581840062452563620771640748700870
20188483578462329615723887744483852337
20322072521377824799338126903104315376
20425827402670926526389741474110574029
20467018964905091391984777609861791201
20513542761851205968449432552685268787
21267375435462086356085246957893503815
21291372553623825070206274025604402059
21358962915934019121006264798933923022
21557837244559675408644294424928463322
21656920489090995426494551884882536976
22080714134436824519475053683113379450
22582957189200994920005838714737135397
23121399686724491072931530949295277319
23194429864869525628425879828434987574
23301358359534925142176645576766344014
23398446239850143783456624687869541365
23437298271674884462463443288726991606
23454246971454083409018126937035690219
23534962857019670647142893429893975114
23726350108319133417475847235436416027
23811635297029608354213383827930663690
23922996801019498870692583474440916844
24168539424226817490566925918505548793
24315445832748599346575475576638303193
24696311340222083256304668559279084056
24861208438928653688943792236236948427
25227890160181700359753671043597245758
25499298651478423569858756582197916015
25916290603367715076255501806883912951
26374183173526584281197953700739443058
27106873566686786685311227463024098961
28694464406145827657993284947507881221
28718122897095060015505543869997622970
28946457367043685727467971783971180248
29060119546712648397051386688333987708
29282645337807310263067658125124252937
29874114022777958068531234972034477236
30411708734237129991289805953658609359
30445815978455000556942340288377044241
30633566151832682233295347095078620084
30856164137562042205397450032920999117
30904852245667187314050563399086357163
31109225439391954841202833852561534539
31238545930528407311777047765483203817
31401362598019701562323512436631854822
32252612432866679180843509912493181562
32710999317145627916748176872464768796
32829960787361863266751477163544851032
32862939130211959340475969887433305809
33602368303443141506170080324938981267
33725884565093310035656202263447941448
34114375019428582857482125380201208544
35539384412881375376997240202869211361
36082839399445057056283159138599858181
36135827769337234512954678736025034610
36176784386217324852922073188789912007
36399422451267932986115851176644777478
36663515648277160109753451718776207820
36697191112636821153184510184817734734
36949013790673953546294980491981640407
36993063196195841670315829604096295948
37108462825983452905022765989037664496
37489153908278027224753276437642528483
37639600563375310211452302365984200652
38033239804722319866159325966558666388
38424995535697674957884075934292963180
38452268817646556039996651916926091613
38728585199329029140725426966413921538
39021746999701713869654476204872663112
39103841169955249722090572855385741819
39392062109602474917351475886483708243
39421532420717863333235787158840357381
39794092379865843969204399909487700146
40257446020885655037664293663200151101
40513509812935320677314293601716379773
41142904934241137880280957559608973772
41489058463757054585841849207997524150
41659514555581316267244883931813686320
41740524575104774538884620454421897853
41832918431762370788744413796836794832
41901341217924103107119167431650457637
42459526108567621075018039629602852719
42546515781006436338474211236226603985
42613575357593612904517831807624150096
42909281339193755927940454416119820743
43026191898674473619144207635383963942
43179628738442393334608935825945269930
43207714467361300980655103113508197684
43502949426994487071822961144170987474
43566020017339098304594557290222279407
43642884811959333272946626409608642039
43710153902250714791447195205407189581
43824045658991093451123550785806208712
43882087168340662238191117700761049904
43906442968448264682428734848341274681
43968501549887095714133882463609398639
44387122382428873076066673299816757377
44593300645482644497723768741663438555
45041158059691028976921759853247390949
45067007119311473903288126572168350541
45090012772230310407611928690862572437
45290568152786983964423585579819536945
45643960540807906944514628156762577187
45780532439784401022657832759874357448
46530698378993963614126043687225474555
46589586186269660581211671190333098939
46853023688675161972339975806082179052
47037716026898009559965587564814686557
47165366110026270327597703799648485671
47212124052259325096982905454069996503
47252351473746632415962612092077117339
47412685551201782490624018955610148751
48132245457548634891609870772506354942
48218212930372213051479226150635838474
48642038795585333777619935473683418361
48750840467657913650059607320095637819
48833413308728583140273947494840652238
48834436939938950405996645553477069900
49086910460114996450621564878565453148
49092963310666351679039941021676005861
49189889789914229096061812797688906763
49244119556215603082749077638237857274
49358338303081434930762999603054836888
49526870742569388351007291162457151834
49574912545754479808654566861468972152
49822543313502056282656720350535402388
49837919745758952610477826435245727269
50456355477665038959536523197454660474
51588145266124830828471076352076593404
51620642269822818799215689594561258848
51946746095822970999070941769998537423
52696622639431034961222425593154673694
52781338890418655983694245060452791413
52827063590924226074701785059196725592
53362822744479351817694348862468064921
53386540230930738242325536168278317758
53395882226318096691017780763521738145
53530520509367336227627716762059972681
53581314982440281788982405011297768060
54651784685514760975843806969027285210
54748264882758714810865748306451367936
54926209949255648880633686581288341723
54946917955509673438250824899000502352
54952408201906455841301412783944151545
55201447219868205988258300898091244775
55370714125023180138024253037308970416
55560684373996588290943042407233681078
55848461668577082545990456197516356156
56291252601772244130437697009751906395
56548118912763627347202466284090984826
56741568690309898018817600244158165228
56921983031331121548421213835407578467
57099129759177832754005809208215486332
57301596152562630013936600285185645377
58171669909602372566588778489007426216
58223148000902634242805525166921423032
58610717393730532103352611419332265367
58615977127732285130721347510281049977
58697826200647624023257469537439523544
58961805216573357591309138158173639419
59173022019503337868425739886436463728
59180358062124611772111462231159149294
59267547882547204830158387786109790293
59464736024057178333534398608781642654
60121066588676668324645622508047898698
60339409168464259827683469871078910716
60624177028379000971251881315518300862
60855858392526133832410975323684733375
60935494692455057410528909475374455210
60938702646159953817581390090926700297
60945527376291246498480919958361948433
61131902943345623340403206487986675454
61153549299845339291227183679228862567
61561828867667850569949526419563155773
62394767737159620130351106484278129265
62398716295550762938810728985514531404
63091700383873996779933301267319510065
63497749014242475119810433701062583656
63568016252091059803496947801023666697
63850829973461952569018627365284918427
63892945669894792863165194933029652814
64161956320581227897839025043354171715
64279215492450852646353721982400887960
64383720142046427672449732861229821263
65389958512610003675668400533253998365
65561416595595425631264976816880203927
65992611812227884099782296332985871450
66316757395173560989475557459136643637
66936766679301567907009556411724004067
67022563178715000379619029547336664318
67489778483637603552471169729588763849
67524938247175297155941400063818745528
67922025181285642761167673075267843463
68104325783605732246490557334013779002
68550713366622133312734643343812910247
68699783167439470151594627619321346852
68796185052256972490805359064860398341
69176811190575901132581214112560120614
69444811343140446197294319174120612473
69582770526368038502119024796546396282
69861221427978089300154995333829037740
69892822475526173179129668059948753944
69969463511911769992196701754760047985
70446580544991444258851432140768990346
70767873626499947047775953300984345833
70809707096240495180228046205656585486
71130788198790244153676933574299525567
71248416206459366631753092470589064434
71871757237108400148655941341587713479
72296387359438108129817013727534779675
72908727033615965312160779349951619744
73047515556522167444845126617844462280
73166271732409288205670750605020259088
73998654036515216055441221791846732632
74480878823806140041133582319190072766
75067284163296206158227196826479536858
75187002723023354586602082477436922477
75270690620885626458263779549673196125
75356379377947146954902895269498934899
77159546636821638043318224115763589538
77394545483596383347082305495557123327
77467286229624414746772283391645080909
77852818665084343364500463323329726892
77985888850123658861642408801612154013
77989192484916228145547658573318933158
78143449296742357516185223543844345521
78172580129481770840089983098361664033
78940614264826248790335909997048871593
78958131574682919212434643938110287355
79862060285619466023289562939727405531
79932807392188069389092371898049804799
80078808016733205936064793798514818622
80176775910454566194031761123847177507
80607039676714063982130939636620830791
80805869527758921258217014768685968926
81027598681749103876361456026577383910
81150712048028542478207438406000304381
81435141511739594154840918531163860604
81934166569538644595426829031693518194
82472684461939187992500433450884681078
82836625022752075677105661836607923429
82923166193834847868571183267746972749
82958517835775923025214398097355722473
83275895715570203209129959993314640350
83365490258671007909258279313273008833
84071034283074396612251580263315046726
84940699605313971273632537087165634602
85053808828984854023516568606172970134
85106534376401970255536500594857088217
85137943707377659592859414931628859416
85359011353988016638110289961647321758
85517142008951048796255877848840210665
85564910661315472070222555121081191533
85661490756157212193427950814137367492
85662654281330992170028517436096660188
85667347210815053319759025979445125504
86690908302106796592517493572620026945
86843471048983147784509012128069653784
86898750744544640700805703820280089566
87104620725838315432007521781904290410
87147930273897189714629545194689423881
87287278176725890631207896546819845747
87318648420744958584369836421136861073
87357157677759460944470523768287079135
87381489059831170104536461632272120188
87458032693972362846517723978451248785
87825003255636896351688452261764045382
87878321359680077514636515556136544347
88139077566576135953595444527257584492
88603689197018261271911652200762390726
88800116797959170552999327459590938600
88816557010253092893328709519717829711
88974738815249984481310801016421350259
89023842310177781369189301892509101864
89224333600662541938516064180658684166
89319277750193963463298806776878286600
90061312257335036410894947372863672959
90327982408274169108995761741251861785
91221644827556069026420787938427572278
91230725390323611612840634050585741703
91467490046817841371640780549051205954
91597473142533453696471393524532952968
92141317421421339775269460925550029991
92265454297484678476300270549615664998
92383515181104150260811668087798948508
92455665119330163738007956286956829452
92519521823873884879796177123931024714
93047213954355025182755849834702656884
93110801531855460539454266320827366519
93356196125285522561714564563539865037
93453999117364114962478801744583750112
93691103106301539172870553837476804111
93730508971032744316543399594115248190
94077416302452072267978842479380457673
94175898349003145614699941854125967254
94221748627108388342550474611265533758
94872640958792610038729525563106692407
94955865643252990198063347763202932361
95120186211238412330243758223143320874
95137400179883939775469558069464593735
95343654922298044218300527327699568763
95492239497840337275761892370952854114
95533669216724569925179268968094825247
95719128939978696469875471520559910059
95743869098137218050543544014686986052
96069365741454616303938249651943088980
96361192340822621522241561494239649868
96918644673823161927321587586943592806
97003717434177475271725679807037528717
97314876784852472324209385371506651755
97378392113439250767919106285550419893
97531853229204797554777007140484462224
97603789326285641029909782234990916980
97851007622654241758262989938276697661
98193986330431032312547151922011498597
98866279116381177730434998210017435654
99027432624579547274199821222639915545
99403091616872195109179586406698451305
100162004740578333078549621387631698163
100316234316130799893210679845472616638
100347923316634957724544401793749177350
100663249272436516480771384421345329613
100682859187198360114834628852210618107
100772324451752982166595161658421628893
101164957818670060426583914720161643469
101214870407989475457144965822276440697
101311221190292482651280627628884150135
101396782640100138745156390232288488221
101410214985099021682723006619815836375
101596522524881341212573784994640879402
101748776773086090760775876764269812623
101813722083761324144576171452157683088
102061130897016301463118126537754343426
102216260591270076871286422398396498682
102305918067688771417430949675910708953
102469916340575384874519773809861655390
102531764868989748481331102009630839375
102583396515429907893435074879401688782
102608660228969926082483411844851837152
102644161824810162932314815996865810970
102655556631598687353939403760723883312
102679256829690726447603990703857578776
102693835147270898325212575863422890936
102981158241055491479693219648316534177
103021943999871411305552720081032491826
103413511061200809582753785839505837252
103525829983445740198070026578351345382
104027594447765075220654574642975672675
104148622536529050177055840780560016336
104179764704644934650069327973218762436
104424983502617867925029407541497669514
104615299820165101430132208906553173416
105228130590388045213600462491436286261
105237115660435819722154036722290690310
105663424492475136793006208381115260932
105672267293804200421174109644411971915
105725220167730633784310029996993970997
106033435451371583043227447493265891612
106174168671611443409931911159179028109
107414608368943530343665846472533035543
107443691087370681284405732901930213585
107531719494129282886571763623786467513
109160987308895490649939810060090526128
109752623567490684039669234131958125936
109803010076512424975626374089107693192
109915121563913901681400004309672808733
110191490474031348901845913064066191498
110387420326868970145886604204884681449
111424670587716988378057237369147316745
111584652858982594027183144331569148935
111668586973843763595353819339485643227
111684563993303927204405270421675294105
111817477452025208113768302305944365111
112112466934644812453524302446966152731
112552294213748564913736810188451484821
112607436030229425933575154858355915922
112693060671547277040364901362858175026
113035794369714696042285423738305511355
113132744079864793330954487244624343386
114397371545560945518196449369443562147
114602352595823773610291185105852066003
114686092444373487635117359834028692844
114724720089290797933832700073908476657
114875907970588227243481901838825123427
114969199656437068709122920320275565764
115404606663238989822736735334835551139
115573213829374773244397389436635755356
115928790296045504699436414225807467772
116136804187140582138804971629745545869
116152398893164350016275121944600078977
116234414625125762480926199213381184734
116334431972596162909196247129597503150
116890706139137789395460255016155959915
116962199913315029739571980660261392214
117580607346654788663061772536160671810
117826281963900424602632294141997010832
117865232365867928434487110994505582384
118052015514247391530537716330512859917
118369523258780563968881565838353441835
118495081751934275905139054259728745809
118670876357506814646668094694690527539
119352453284503899452857356400876554599
119737901654712118483486301889547828254
119853796704051873647326747204871380287
119893721622522692675307705704846899272
119934476759573685267534259493188385366
119978176760832974237643790719481831286
120141846633661186609070221281531279714
120301896008076098097275999780208319993
120555115809061702172982445244032282661
121268215301948486890375916833164573145
121528010536457609624446320202532406021
121740645273010461690173541801981079548
121865194619961703645385312204656668227
122342429640446547053420645176342961843
122636152721969462541507088036624026098
122776986891068234139515386877015734255
122789941360996333935511826259663394918
123341978980537765839638484461739872464
123665460203897463815564356709613384538
124049215468776433068411238815857259152
124371747036207794080396950499704417972
125542611719923535499637102980694259365
126036513149046747745114636248129949205
126041014405055649167555988678262635660
126140826469284643483541766772232756421
126425059811789154528669553380862919537
127495455892403658582582821040265835995
127655788297966563384605306096396333609
128380287695581638115229244991945723793
128499265892041047333131216602304889209
128641707140895324524579637245304961750
128745152501090230884864669269779786024
129375842061768351764338099372112602222
129575101968330981909713748864777014553
129629842328108462143661030796116043539
129638115178975722462282985356748838965
130150344802925358637554143689264907068
130167345730871871396986453917085125705
130682737018904977325269628181902970601
130763282842386420349072755783191489725
131009258527062185541534079470047007469
131365727382165713755404025232354408330
131625310542426221353026507587753823140
132159476434849427827420676152157314930
132716469005435019284127245260003707060
132895907909214711541179628209726602861
133011742241232406673699178153859843362
133021525292283455236717849384833894025
133111243805091190838702912919258744824
133132570181129335159597786599766569346
133225384113725479783971664865624349878
133409441818890873472808613092938679750
134067897114894202644167648896388209331
134339776925522135870944107145916373085
134378992667493831394131280289563585917
134512356515645854145114746019866111538
134828683718870510784798318911992727329
134934796296247164775333401670793022692
135600275055239670914766629510562286145
135910005784644390753463765940253077199
136400548698853941998345560315346123651
136555909366516745246251502756471499544
136961981677040223591504508211653496525
136989216668137952703514846267792363117
137449617936783327397788997087624297923
137539672879232886562666194060862357267
137944558869943476507091514196184162330
139204003010589389650992606658158756395
139220768199752590724712265362762035686
139656664710738416140210227606856112697
140311246043746703657666324366471813464
140365351182692016236422481719800101456
140892636612688100172899385920614195473
141210361999597132860233274976535882506
141325283830398978533998609146409098317
141377620092573383269262816087321280297
141379742183454362315801817141501461163
141398140953355421553439134418884954760
141444735625853465312351572481703147395
141511062702105186999462975293397448639
141626935389839351165924016239173288718
141744595517463749411820335101111899401
141841921872902252769319375400078206220
141865838863716308264196998132031155865
142306123871260757248667231083103640745
142346539206370309570327477573554812761
142393941176455466879678802868211853106
142466817026377677927051864618308802398
142517465371689190512669231175018807793
142891087364956843448244213998036802407
142905158418256398332745498593354781957
143122303053498144632335778595730207869
143583340328794346218663615170232261587
144028589734115940688048328295577040390
144906029451994561761593575930745107021
145321516748418868444667452896330365336
145454408234812726016298529817764388277
145641397969413690558791903917050175957
145908596809086753976298368183092999250
145960089583018493628549766337018835184
146280115210683618327038095256675625700
147353156678992250286535481813809366886
147452471898789906492051880426064480646
147850011414921428450662952803019138572
147973254221427760480682611574292342966
148378324840432589797300887518285621667
148381952655156186031003938962791743758
148596172514309023954281534172310386288
148677775916650130953965617142258805754
148737689195515730153879925165278218559
148782846818543487259375051384103391478
149045778635320028862336534931784208281
149286811435308418474319441373985024284
149561063350255346516529416347761485897
149605009399078762011031356185230634436
149683575181615206432635930048828021195
149692109682288640717420353613802929499
149708455659171123548834153170285823655
149936300369636205677463165012401823727
150258244190434109200855665539107806653
150277349210599989346300109845552247146
150372235122019797046296146933930572286
150491903288799920512360756418952889422
150715450878494070367643325278538351671
150992329074838794920991482075526401665
151257696901587108844133924820323553642
151964758104162947482684589961520151147
152438725030426248904391393965658449046
152450119584388604798852833498627731477
152635500807036810708868152891227254729
152734635983657354169869693049565858237
153957117044633070959987276224614665470
154461402876196436824006277152345596324
154766772512626033029183762618463896661
154999748005534597473468322690218654634
155262838382855949038582515950296403651
155305426811841088563649275351249534773
155404807034071397672584800937189985789
155518910115879709743987540675410047294
155522909405957595703745703781873596579
155524486927587611350979911444417165286
155750034786427808585907729232228975310
155834144529878230523172819866851578122
156147879388021919396158236134952045498
156266230017647589584661112326868109730
156271077223905973792967335640714481396
156563005118374410264253002605689848812
156602454624351678925575622357645151860
157342158361443805022269521647668374931
157582560500170036694292483424020481429
158081434889244197130884133238623510151
158252669439626279885917821337835561703
159432615365432044777582522674745923942
159667893432791558689049721211603150235
159981933079074161323561142532667201493
160118333826012524898609420107053723030
160213958857232125715367877010241658838
160830906724039299810795811885603561241
161024462470060798780935193111386229439
161843607557211291670569946622508378731
162495768082578565042685030594301402250
163307394755087597300079241730617367308
164858338278936777893907659136067925718
164998974328239252142105153961309148231
165512916308447082026031666429005728951
165762784558473195943622707407008182885
165863268895524989099044163351862550431
166056693186146640920007903622950059582
166322433432546604780246107357705341717
167047551701501301162397587703749332680
167058096986236422688277683590302007471
167165436130566974429825059023602009965
167406683275792724800365263345460206675
167755242999396602643677351096513114762
168147110099125119258620301045398075212
168458117075575571580893509879000168171
168553409221619219985179313631613044537
168590417265621056064144103759627813862
169531315481771522536454935141289365872
169561393037576243415473634212350637977
169844984823269760356849313195984746484
169894205771330569324220054333391206421
169993569697232627509538057591683431395
170022468486006105114984078863061713779
170237431722330302243607052875478952978
170549683763992240081625738748462253397
170910455662788091884420896278269574841
171408717547904567747765700016322283913
171689769771556271979156785102561192624
172235035503272539905110343947858111967
172350051169816268725152764444206814381
172721506190740518761982582024200267747
172799080527658044349918256802756279650
172996960529542936001156688033423102344
173111668183582939348788504517201779985
173363034863005912495006511594797835582
174025458073951371213465615241913660968
174423671821051772068268803101607232917
174608404539453202969249817783820266949
174853897657990237750911374333597811632
175084212132503975093623091307100159780
175135667510085329955729164674338558517
175277373852724508454510639432101480200
175435397046290139398723065196585017636
175581394893947212909482012174673364101
175656701915130708192499649709859157364
175686725840259466977690670184177428889
176837152119009527016124577359891700837
177285773582754514461238132508972809852
177574014249657431850075826783272040308
177645746271145048319303469602320399369
177679314904255196267451434641404614764
177723521321639310178613552984683557582
178102911882082183452960049578342973489
179922164369132428924323261422392863762
180039082520241854170998778665061766812
180120391995647907280847910019312466069
180545335477168799687018273377237586479
181421296710871232693802016514024463687
181530098986627746652017313702972109158
181876392184633343203176162045635459387
181991270747179781548646607408639935445
182011098298637611217263397558543139174
182243892026876626401246710753569213143
182343781672994265897676361107794410170
182875933913004019049493748579828721804
183042947130073748930286284767138360971
183483980501183436163575379366220199434
183598731587107386655097344612835653395
183671501049885179485685512041768973417
183995724350163322664301986817993232509
184268323292576554907438293864436948417
184652610193076451474079534952510244424
185067433136354273092485382476458785804
185287449592548726620524982445903437687
185526755195020996791696965730428061935
186088707855911198397422771744777826141
186151527704826528474629412851069816861
186314092779966427781829028467811311251
186431844083335433436050105359543559668
187127525754755553043520566745898065718
187386758232295757772143016424202110012
188148359990265179064467989147094455308
188363410039745346486179929675314192759
189002772079469633220288431049789012641
189655436872683270284848467115181867541
189748480339627841667946257791403780375
189894337756596419297815069479204594350
189929359388123948542737992576686811251
190199039936202179835100310382992338852
190277972742770616823484683456338941822
190490263370251359542778541520828794622
190624952724696108889665117384906455117
190792117748684987287990839550619747884
190792366141123681700355935863403147737
190998666448491273662839481445189680279
191015210921953729795482507037923505564
191359071873947923847174378187034782085
191376554503726555698241291600326927404
191912182799411375311564073589343699193
192173077093726437506184563776259047341
192687365730648769353715771110897205040
193302420529969890999309030917644035826
193314831184581140114302193564861849555
193400740460274243219405494300319800455
193485948092858474535080775225738212994
193562831221545660579461516853874019399
193651087856924208277923035631682813215
193705369360390976962797148820467605748
193967698151194940965294538576884513494
194513722170455191275378125641013534625
194640081462620083001576746685848176675
194917530429432117873074508167349292253
195042557459772101584189182450427323047
195102714200195768998368573484308498433
195923352116651274809622161382872475361
196142584438531844107855688745714547584
196253932561289805900122499481723966023
196771389761547244054309288223455315773
197043485150164679080545575184770071588
197146583378870298443506357780222210975
197264124182290371948596147230136654046
197344445400524980394731414113299057735
197654647109947117984874856786104587256
197736163062897642278185260856034815335
197737419348984025627342512975608889207
197780308928069783384177761019664616071
197939831791891754448717373318479806744
198329765630370932549300373871055564781
199021304011512199171633780686947194041
199188263154687323539151627532973625202
199349408159680540411744835459204349092
199690428677953947704019470904373745771
200158698873351690293814580705521183503
200691554300194692662124129566492626232
200727891522823831378972741155985194971
200866527910409218586002116623464484633
200872095689990651278646908719475737034
200991303368804365756238401797402089721
201596701329386404515247614920078316999
201714610855283799298916772597958347098
202345661070627058850056154728861061166
202434816684446786217141429869041961787
202440672275677956666482837940782957494
202699044092094814923580167607954241472
202785513048548642139627156204197531595
202926317263082997738292843001475929761
203082680075217204290407307769913126411
203642105229675545931091175630017530033
203858212044323788038629854317689245995
204005306968961979232705515196500112016
204017657182099791470506236572498124426
204206352697638648879154571472344972796
204221551637111112246977434749179718471
204358804510110475256230142968152318157
204568735038228575507531182739032226451
204640653884465765682459269275733318431
204874572446368333480980899811240579761
205081411001203574724286982909452843183
205120537286271965666143084695536755890
206440063875963309251075351872509469118
206575212533986661184039693954160799321
207217873233408466325497222762002858980
207245632741716525726745897444383481872
207424267165032461275240290696215959229
207569918544280727498570959672172466516
207717423831394507373336052674555536843
208011518929550792933276919560006167269
208557055618193535554024719717025005438
209220721140741030902299183394177601290
210208753632097010627468879529486018526
210315611326567083279682425290004130708
210610386728908997646338437922574026348
210859730201996713731148575396410068709
211048207838038697948012544130842099396
211081414170303766549354401748583484289
211168759662405375897009615173251422720
211379035803608907848997157137089194987
211957057909304489889613113214708529472
212232487742065458236227828500782997889
212306675155873799085538250598435560293
212372606514738248163678207954068820228
212399763659418530756090205740773723076
212488361939832628801687328324902051565
212670305347381617963196761252343537490
212725614498268273448090089582854461507
213187342455913756803084437584386443439
213242795332816004763404601275213270007
213260024518791225370234717304212012008
213310686868327381214902883467439810874
213502453699916775093190404293884267014
214116136827126607255049448822106158736
214567081664648508043999394867853351287
214814442420754890864451805836283813104
215097818578758408493972483139938784614
215425020476426634634797313396127992786
215916915074771352237065827240264138613
215953065303424685426009639000819408639
216002427475389900427045189436534494373
216069128889067136015167283013278460785
216096869328898969647276356067945681395
216622063321695344932376563252318815361
216888627492683544608096893942993359412
217208162521189478552223163530855059511
217490537085773764796451901714291624356
217681434032903767964252289626538671952
217986939493240929032633946693217377460
218331460092150568364686036191527588517
218622462895715965925538264352018512869
218630468807748527725358106325790589013
218717271295692285952947380720913495917
219187682001415892611758299238768246317
219508473265798385268208978705733435994
219698034401347825083389497733801599177
219842582869626303975564211609053622287
219967115743651042386498881287631525075
220399338120132368397800127303625232627
220696476995720610189264107761103268125
220725156966324543802749823373560881036
221247471042424362178531491773553510226
221543789152606819136155975129472869061
221551647354024902983535073639093624328
221581944444774861593429252311515461618
221606979391991154280905061305060032287
221945887489695122147761325817241649249
222188576280082367016303966577278410802
222578129408860725553611519185267021820
222621810237558690954296022346368762725
222633063361287597748749796290883243782
222856576224759172733058908080978812529
223152967429569032311199626490435936895
223801504683605443557279605565627734352
224133802367338112919380638154914154842
224178191224352517896913497129391036179
224480077052010634644121359764871560014
224959078842843393132321707787073906125
225049693405051354469806361290988185241
225224967602192425818567341796939865773
225431874376544234188275727184750277725
226321349802213458389517098269868153762
226686684180062887603222692749691212055
226985165714484517758101796668250578224
227992886431937681086286940552505034382
228188667841244078424584700853449747197
228325163561003020142409487587112030738
228544292547074980858637691989496730544
228545192625729907309541511052667851049
228855732535292264950036402440444175209
229524674880689540635099424730667109726
229831142928710891645597903039434156579
229864486936704873272308101269575603105
230293626988655400205964625442674610425
230415244356160767572493377010814154023
230432868985910773055619155630867396979
230674187612538153427100431656863987192
230801697688765123266842678217035819281
231119820762008952607607591251049331523
231408324099893719037675498744086821146
231683591358134498432088639269243027468
231737934754428114078209914985866927354
231929064827168481429513883686088358755
232213638832692438774631912735358130551
232440250901941139894236619791726174134
232644296036202720731876832291557681941
232650804935091850246468945057188691311
232681999384892322264075084338441074355
232816297460953717601317150714348497937
233044331505877816555412831522012520083
233230276187586601200903876443421119034
233493438021913277108972063134950657237
233549454821131858425953841398443021913
233884629195504713098011248993567239105
234004827706955011563247064615536298775
234253200007654021778778730589664083132
234752281525178818520006714577094477630
235507334310381127731823448505105341972
235807188653687652670602758191085974683
236277266534232297242649769837365483432
236359406969778506435963110820844639767
236364369629991564444157309227435715767
236712067429230743739711685416715195123
236729213044406422956041296667827971653
237071107652237059574684798478535403287
237138959078899867392833272710638111323
237496059561361635594549715124561108290
237749492215512654410164234808614222321
237985702391200627896992960539944248792
238006789485319984656898497648143113936
238060779257472292215731830110547519997
238538892471447354314741323920272046287
238576690444794081181374119019090114727
238794723183522141661462650370997551746
239215919353856590587976706964669865989
239252390221951727532044511799365893742
239392816809743869508943263311733281131
239832003432530132568098204737762443348
239841822632584973578930477088482035482
240496390980386587508106989411414786863
240898035821284148799747040172969931548
241199081059920766937832287858581397380
241380121328307524071312178024213045502
241504858424191982640277080232000214606
241506463452568973195213031110311287772
241616650283265333002244357503693381572
241835865129994481122532254609719215601
241940566596756887009458191409101186789
242351606378975266132075388424196920260
242488593810774486276391240134657528486
242525402480372086027717156177904862159
243638434890607422659889877829755937636
243795704457851727784730961979822844670
244047397894046231783833728628752354709
244497771889168393367195834794727062236
244614383664433949293130881542206180011
244934357855118012399368118551937816114
245835580764432164110310888046014758202
245905203570925630167126260516594638249
246168955271945922548295785546094669876
246398781684046106962717149083380024631
246486966606456932875987673694842916503
246660873653640347720144417677545486228
247599867284800161206740338470754231048
247702586539613587263676817332501422841
248020908135087951150718656976326463294
248179633139974277212566004778646009581
248256703193495944817562332502750627574
248800268212602429364986157373587176906
249208250105144098212296774394222198456
249890805716501910396525447682375819186
250042499744539576566701756300798364542
250221072761271509090751847410687716649
250728700243742884637857347603006672666
250869646860804256260777349444465673344
251154255872132423613035653763541945730
251170501199903109530604419534529410316
251264439069999048648004657407857318513
251378960751600391454956288561761859713
251495995711094725821013038936002976377
251575484181544155587556477770039041859
251596463746362993681896739717796653450
251962978786873228103946930940605709936
251963983559669344787584230201939926798
252320941364397963322151590753582443623
252528957466526578584876950565461324646
252624370241588323790692188392260549623
252683047689098430416568874451482674049
252932903246967185181884631989870518753
253474899998565539133954561481534704132
253603543617514226906204121513138984410
253655882167113613565851752468120469975
253921562776754026736680757908344900642
254376350985340733605795961103701583520
254739941665445237649096917020793365103
255161747676565830212549294155888362784
256367377416275453373244304708351622853
256419946563698200078271995261015234909
256480321537506171706155153052317367440
257140962433031801786305793229577064659
257430149175607693655765715281144653828
257432283682194171586927745951745180581
257581591681333052205309646291913054322
257739820532339625556025624529144726269
258087255422776770709659108412640242355
260369119470959310731994808655242345632
261167040580408499461493270925254999425
261180455005652949480538809361808396859
261352522178644521970114866130678884235
261976461871347713225647643454407203887
262274474745937365223752353955372834564
262679668891911558576695514370945509936
262758074107696220186508415719396646232
262837514246894268918603638808076467472
263156751536062455353051136957626057056
263166069650228427799447492323925844651
263223145561701873279752566828476811057
263515691261384825681664250468190088471
263606033316102135383346236355245787874
264032164740506392829657697059635871658
264271096360331107810745495635594511323
264304561009042179793843880251121163760
264531424697017875190195181245965678464
264923689085629371811988119727756908826
265146889844116446119243822025957847775
265247595514524719632013205655292018091
266001339809356914802332919975975371919
266287873630325116629332352293582637817
267172375362857748172676098539424898826
267545585828191280815525661309358385802
268053928573130477381335247566765830477
268493645164645351017265990555338379141
268556757289340677922321962925965548494
268685453581391982410347334777906680015
269236381996646503051747893145370475713
269321200557437944985644218120741610341
269725138566038170050164758447304034418
269931236426436449822071327076691396618
270013711635234843415897202984845320586
270092905575487389268013038569607076635
270602255310058622250474716388330126370
270762738539142389045332956270385235443
270835736661492254207083845977710195291
271951403040254522852676945148563351562
271993276390412068447199552215174689242
272090446013734019504529227895256782653
272116435644900030607711429887118359875
272383367071857599783437973455449070410
272647766570792593872220296630681270904
273429975561833421294026918359907323257
273779588429059011393666985772410885077
273867287429801065714010170080324740031
273986791735561455571824542186962749633
274007931599634162204166888880931710298
274033257144664122019029651305261970566
274367562737173247470782509981863446214
274633020948157279701844302441652982766
274882864192357270660965564980766507763
275009372083030110977356645108391508167
275474202532495879284614034522161956911
275619390866811278881223842704232295019
275776624488213705130220576251628212662
275869231851738753429584457083758808064
276188300714390664626260283835994820051
276461196621338201719736754686250748942
276530488115165273678743269668338886878
276697949039889590139213953643135128676
277065313629708078910497932914469136245
277625570588239722105044267293534852815
278108655848005950890977650741406599223
278144787660291997952151367977023405464
278855283188479881364678645300521085087
278868414098595074861024482958392124851
279034919563837253453054117006384475938
279200389096466049941747926644808437508
279321401133027513223500302254644255507
279495756328735937531771331996885745623
279668762346177833550146576339463797029
279701834794465699851417562507970217729
279923574605196056348721780904022474169
280041718598313091687547483590861892879
280178174611239141258140949699750223119
280187390951964881149712365473176418469
280365266450518666788508968907982539790
280797375130576258581244586330061144395
281060792347348910163150913098919617574
281262889099830515367283178224242901090
281368919158722563752020372378095068775
281570792405554978411550156295771065896
282138757621640599438745393368138043001
282150235157870068092499111581894318507
282215667593644053068994623128785594323
282410640678206797257594015134154727473
283167917513890282233239415510597343881
283253865686597909984919584164976399092
283345259666653086000596437003639442574
283720973917115012722517158829372994139
284082053816424893326238991219982237244
284628980079471492696342772393728395710
284678483306123839837357635588137085181
285015044016781207651357986784866731079
285030019156038052521192556692000573736
285596429311984419058591089116456126783
285637337232136174621456325741571765590
286198050666399867219029227021586048221
286444602504852688524668282639273826634
286662880060189156545860457781840300833
286918335158548506741283227662448193356
287315625778309610015584532921559097019
287804757865862381210888605743985379049
289027251161115169062653639860758072102
289365732835883835785901480151409838305
289833278444391540308040992441484106001
289866751546622138181384577537256586518
290008346991943213391022480212705783109
290010774971375842222560353995337043685
290131053982831400993643250288648879495
290246422990298721916141760644886578309
290504043677202119855229793270747994783
290890482750422595229901057381239088670
291295304332504247224690331270936095919
291388358719984969812582235159680802950
292232611245968438321824363907775875218
292557538567141326851435713161970352765
292952650262937562677082032836075032579
293049614561662026939841761305222996548
293408779199091275937329433953547883795
293483718758041594094213133199715843600
293561356452296742892468930824191962105
293732522774250353446789140072192781960
293752539071642034319361432855853203234
294139122138131880688907272901279517987
294261695986707706260328684102530206357
294299907474153860683608190990743959729
294487840797813653625907941787472167585
294548502048471982769089416167720834726
294995204775462427233158969227925720977
295133156202302252854697425550435847752
295517172559306652424978137500896855974
296706497643700550191985891729473010283
297266065015346147576288633698229300476
297423666031524658045027332143693983091
297663967831181908230071905649264704961
297866312290676770596077118025827385090
298031666309960421217910090212755031111
298049792853165561288361057464764559817
298090302927118712861286934321806153921
298273331097795120169171028730384431215
298312254160901059045352980765807161327
298761799972535598136845663113681578248
299344770137839689459442314221860363641
299376907902649772509192999685003335340
300014807719557913777636960489599985248
300125329784383403178465727345435829196
300231298560257648814607293614205232480
300244586389664088851951486512189199437
300306290865233485500418580615816236252
300579762087499654271025415378931683113
300753077229408116338307640846739385002
300840437564554398258325497903600163511
300856285659406066460538297535732809143
300971523542327642813315130077479615044
301016414202926894702271949197860991941
301032477508578241318486773525198699760
301116655057069776860314204320080945785
301241440531078180936552229897406595682
301509730103945887964067646329175444992
301799949528143885587937108310666270414
302119867086773097231151641363560842000
302837149516981960719356458651119548781
303235006246147157650634529632302879914
303642893663655915478641254783727347852
304226282305735379530195325960259798564
304337865837961561028889870893260432703
304619933255011534537083344299467101715
304659866580798629867183701077682712913
304742386640074331219981337730159341563
305436411894952073778750406562205906510
305793743673231322597668154186636821367
307243863103235441231214807215731893668
307300901644522732790105951133774898720
307357258711776745064453283616156803572
307431072747448679944137413167725777464
308413152143006033914211033958090179077
308539426278379511970872523726430428101
309065911635474231968069258656833430456
309083600307257306883082677969513605163
309129019245922151445477981085975182698
309424952091517666684681882823679278067
309561316475753325773702319452740850740
309588696686229661225815967570598117398
309989101042589104129744040541301398818
310327237189361333738952500054810598781
310364828297027468947901836943816080956
310370186445148349537143131951221712825
310832495997293332072422797029848324513
310867869766453898453182410920999659446
311661988047789686916729164618690572605
311835556041014355112415930722113963764
311891108703028369334262671424582562524
312246054595190427912054623696401841294
312386114215242445324092059806007137644
312555349628110244226266488536722579706
312653802372922799047096838054157038348
312827192453164917347459366149184451502
313284535985850301221249907983496708786
313830008829433074148551317688734702292
313846619838347230853965896073403716519
314229929214494750256392365958069484831
314303811315984694356185806772920791438
314493714471221174257630628115978217155
314496861901687252677547153876417030939
314739623668269412242295351885733808596
314772918159875336170194512840788358134
314808727383765049529812254469512118876
314884030165974653620926170555327142206
315420764258841324871650431633841189629
315526349205092167508517240639194106260
315528109874195924795803836390846722957
315551622844108192517967521069345198304
315612675143738904215689112746214023516
315802991686704671518496542924920430609
316175191792936111031139679757557735892
316241682333971692893040286172485841906
316418604453328740572305609368445643253
316449930231300753186070940166276200298
316530911346727987907364873377823483442
316533832440269559534530860003281747485
316890662237010259796513494829663251841
317754742790159429436641662527972837892
318162981290642481582637214003594043911
318411955047290003152676130206953362140
318511113091408681836831070300956232960
318864284403651118055248765268361041041
318949976682986659807926562990022664771
319078778437772721484403171200225137600
319438812776056886252571035432475607849
319493226740143490043742624938735239858
320226691863904629964354037619303108576
320239568327023638529090414255775434529
320256530933364628846408485976781968108
320760010786691155264550317584652119319
320811790318377901747363826447937120036
320916208514806200534072977549734485494
321209735777185236445045681369246578315
321657315846564650733802285046751081004
321696422285468763455679043354443786437
321769025507711331401301050968214003045
322803781108962290290374796094526488222
323033407228009493774968234695048585815
323496115733966783927809198208842447733
323906940114422040830434192892465021803
323932532167088604685036465551905428895
324086005424878968995402482090968053163
324662700611922941659227319082872293397
325055727649571887272044565533274425250
325397313185401432661645925867419473960
325459731828889208806951285824075796368
325990300584837913863207981875011522649
326293642176387320763751913059785154726
326559962103549359274005624664738977914
326613135480561208243417786495162439177
326976189284167200345036365922094462648
327511022115065045545594747915453572448
327998060845363261362559871587637247876
328393791708139402991662006508813202630
328460420858095013325784443502989957900
328802309570830492028038714560730174062
328834033121310041686566171361810633940
329420355733519775022119629946563742609
329673490139646873058518828313230061266
329882779771250168117631129781364001688
330286875438862317974933622877451967815
330321878820397622412198416808815529110
330363214768583140271577714410179807648
330367787103270694054379855034458894468
330391983273999511755484339709831822778
330748129494980044548592447214256276003
330943159928515925754167055538224326719
331110368321338338552103204027888869234
331514826227182242152330603063804894702
331777970627031650563605455256158161194
331949747717912963682335473519652031627
331997136249949294825302426746317696333
332477162790540686835753265548947717973
332695108027316933789306998268188070803
332974259447553241788422985743968240253
333561480216156536827016908330021080636
334813991287211390322834285905050139138
335017916050752383612607555314469283225
335036711179437722164836789033229861398
335259875328645834674558136692264275732
335336503371963911321655269399936411787
335356325208160799755471222429624693589
335560670633826180122489489612398192544
335671458094640926843877412838835636599
336277322539826848840688564031181532329
336519965347946035105583827596618589841
336753496983193356850879119287556779621
337056014625209953244907302415244062425
337115633078981095680876451369859745641
337449716385363156092706508746038407539
337755201644145543713159714855666196979
337840779354051679170677652591003400892
338192559005476436753449382833869214697
338527193375104147559035608446396181749
338783847287801834323130595186605086080
338902279847392458948653208203679283216
339060476249590963809051589485881965547
339135029583352388777014287449385260997
339209683131863760405583976265908347390
339217187630703849706690728931779322738
339704423966699953569409543677789066292
339777389869710141990535937008756853804
